                                   |
 11111  2222                       |
   1    2   2    666666666666666666|
   1    2   2                      |
   1    2   2                      |
   1    2   2                      |
   1    2222     666666666666666666|
                                   |
                                   |
                                   |
33333333333334333333333333333333333|
             5                     |
             5                     |
             5                     |
             5                     |
             5                     |
             5                     |
             5                     |
             5                     |
             5                     |